100
103
105
96
106
108
99
110
101
92
109
111
102
113
104
95
115
97
88
112
114
116
107
98
118
91
120
93
84
117
119
121
94
123
87
125
89
80
122
124
126
90
128
83
130
85
76
127
129
131
86
133
79
135
81
72
132
134
136
82
138
75
140
77
68
137
139
141
78
143
71
145
73
64
142
144
146
74
148
67
150
69
60
147
149
151
70
153
63
155
65
56
152
154
156
66
158
59
160
61
52
157
159
161
62
163
55
165
57
48
162
164
166
58
168
51
170
53
44
167
169
171
54
173
47
175
49
40
172
174
176
50
178
43
180
45
36
177
179
181
46
183
39
185
41
32
182
184
186
42
188
35
190
37
28
187
189
191
38
193
31
195
33
24
192
194
196
34
198
27
200
29
20
197
199
201
30
203
23
205
25
16
202
204
206
26
208
19
210
21
12
207
209
211
22
213
15
215
17
212
214
216
18
218
11
220
13
217
219
221
14
223
225
222
224
226
228
230
227
229
231
233
235
232
234
236
238
240
237
239
241
243
245
242
244
246
248
250
247
249
251
253
255
252
254
256
258
260
257
259
261
263
265
262
264
266
268
270
267
269
271
273
275
272
274
276
278
280
277
279
281
283
285
282
284
286
288
290
287
289
291
293
295
292
294
296
298
300
297
299
301
303
305
302
304
306
308
310
307
309
311
313
315
312
314
316
318
320
317
319
321
323
325
322
324
326
328
330
327
329
331
333
335
332
334
336
338
340
337
339
341
343
345
342
344
346
348
350
347
349
351
353
355
352
354
356
358
360
357
359
361
363
365
362
364
366
368
370
367
369
371
373
375
372
374
376
378
380
377
379
381
383
385
382
384
386
388
390
387
389
391
393
395
392
394
396
398
400
397
399
401
403
405
402
404
406
408
410
407
409
411
413
415
412
414
416
418
420
417
419
421
423
425
422
424
426
428
430
427
429
431
433
435
432
434
436
438
440
437
439
441
443
445
442
444
446
448
450
447
449
451
453
455
452
454
456
458
460
457
459
461
463
465
462
464
466
468
470
467
469
471
473
475
472
474
476
478
480
477
479
481
483
485
482
484
486
488
490
487
489
491
493
495
492
494
496
498
500
497
499
501
503
505
502
504
506
508
510
507
509
511
513
515
512
514
516
518
520
517
519
521
523
525
522
524
526
528
530
527
529
531
533
535
532
534
536
538
540
537
539
541
543
545
542
544
546
548
550
547
549
551
553
555
552
554
556
558
560
557
559
561
563
565
562
564
566
568
570
567
569
571
573
575
572
574
576
578
580
577
579
581
583
585
582
584
586
588
590
587
589
591
593
595
592
594
596
598
600
597
599
601
603
605
602
604
606
608
610
607
609
611
613
615
612
614
616
618
620
617
619
621
623
625
622
624
626
628
630
627
629
631
633
635
632
634
636
638
640
637
639
641
643
645
642
644
646
648
650
647
649
651
653
655
652
654
656
658
660
657
659
661
663
665
662
664
666
668
670
667
669
671
673
675
672
674
676
678
680
677
679
681
683
685
682
684
686
688
690
687
689
691
693
695
692
694
696
698
700
697
699
701
703
705
702
704
706
708
710
707
709
711
713
715
712
714
716
718
720
717
719
721
723
725
722
724
726
728
730
727
729
731
733
735
732
734
736
738
740
737
739
741
743
745
742
744
746
748
750
747
749
751
753
755
752
754
756
758
760
757
759
761
763
765
762
764
766
768
770
767
769
771
773
775
772
774
776
778
780
777
779
781
783
785
782
784
786
788
790
787
789
791
793
795
792
794
796
798
800
797
799
801
803
805
802
804
806
808
810
807
809
811
813
815
812
814
816
818
820
817
819
821
823
825
822
824
826
828
830
827
829
831
833
835
832
834
836
838
840
837
839
841
843
845
842
844
846
848
850
847
849
851
853
855
852
854
856
858
860
857
859
861
863
865
862
864
866
868
870
867
869
871
873
875
872
874
876
878
880
877
879
881
883
885
882
884
886
888
890
887
889
891
893
895
892
894
896
898
900
897
899
901
903
905
902
904
906
908
910
907
909
911
913
915
912
914
916
918
920
917
919
921
923
925
922
924
926
928
930
927
929
931
933
935
932
934
936
938
940
937
939
941
943
945
942
944
946
948
950
947
949
951
953
955
952
954
956
958
960
957
959
961
963
965
962
964
966
968
970
967
969
971
973
975
972
974
976
978
980
977
979
981
983
985
982
984
986
988
990
987
989
991
993
995
992
994
996
998
997
999
cavaleiro morreu
